  86.7,
  55.25,
  34.33,
  2.48,
  30.33,
  2.98,
  13.92,
  34.84,
  6.2,
  14.66,
  65.46,
  15.84,
  13.19,
  15.06,
  11.58,
  9.97,
  32.89,
  1.89,
  123.35,
  144.18,
  12.48,
  7.64,
  12.41,
  5.79,
  72.84,
  63.17,
  41.76,
  7.79,
  21.39,
  3.66,
  15.42,
  23.3,
  42.38,
  45.03,
  16.4,
  17.71,
  53.82,
  11.58,
  10.54,
  19.59,
  45.95,
  17.86,
  19.7,
  30.26,
  0.51,
  4.61,
  3.72,
  14.82,
  8.19,
  15.65,
  22.99,
  14.23,
  5.89,
  16.37,
  26.25,
  59.88,
  5.62,
  16.93,
  8.61,
  9.95,
  2.97,
  1.37,
  6.03,
  94.04,
  6.66,
  3.92,
  5.02,
  11.18,
  36.22,
  21.87,
  24.1,
  0.45,
  33.18,
  89.85,
  8.93,
  3.68,
  9.58,
  11.56,
  19.54,
  59.45,
  0.11,
  15.15,
  0.12,
  1.63,
  21.76,
  12.12,
  32.54,
  12.43,
  14.75,
  0.39,
  37.09,
  43.97,
  6.99,
  1.88,
  75.88,
  22.3,
  18.62,
  22.04,
  20.68,
  41.51,
  18.58,
  30.26,
  36.44,
  35.46,
  22.98,
  17.78,
  0,
  0.46,
  1.84,
  25.65,
  25.36,
  4.21,
  26.23,
  4.27,
  39.14,
  57.07,
  17.04,
  13.23,
  0,
  3.96,
  45.95,
  79.01,
  47.09,
  31.75,
  38.34,
  0.02,
  16.95,
  35.38,
  36.9,
  13.36,
  78.42,
  14.56,
  59.97,
  23.97,
  85.26,
  17.94,
  10.35,
  2.46,
  61.56,
  88.3,
  22.01,
  1.38,
  51.4,
  62.85,
  66.88,
  22.54,
  24.89,
  38.3,
  51.82,
  5.91,
  5.99,
  67.67,
  9.78,
  43.89,
  1.58,
  8.07,
  37.11,
  65.76,
  18.58,
  16.38,
  24.67,
  3.64,
  35.6,
  50.65,
  36.5,
  37.56,
  12.75,
  69.87,
  44.42,
  49.15,
  23.42,
  14.54,
  4.18,
  3.1,
  70.44,
  135.19,
  36.47,
  1.26,
  48.01,
  59.7,
  55.06,
  9.34,
  23.75,
  5.5,
  1.13,
  17.77,
  54.94,
  42.34,
  62.3,
  25.98,
  27.95,
  21.25,
  82.34,
  38.79,
  45.99,
  3.44,
  2.77,
  28.93,
  50.36,
  16.98,
  88.98,
  4.93,
  2.25,
  16.14,
  1.72,
  12.48,
  92.66,
  39.59,
  3.98,
  10.64,
  60.3,
  56.29,
  4.35,
  97.34,
  5.68,
  5.77,
  19.77,
  48.13,
  13.55,
  6.93,
  0.08,
  7.84,
  42.96,
  35.01,
  35.83,
  6.22,
  50.16,
  19.05,
  87.27,
  31.9,
  11.31,
  25.06,
  21.22,
  48.88,
  80.86,
  28.53,
  23.71,
  15.46,
  1.94,
  23.84,
  48.98,
  47.13,
  9.09,
  43.19,
  35.17,
  8.06,
  53.78,
  13.64,
  20.14,
  0.37,
  34.18,
  34.13,
  114.48,
  17.69,
  40.48,
  13.41,
  18.79,
  0,
  98.48,
  70.57,
  27.65,
  69.84,
  0.39,
  29.43,
  54.31,
  21.87,
  5.04,
  58.4,
  41,
  0.15,
  87.05,
  34.7,
  57.1,
  0.25,
  3.85,
  1.02,
  6.65,
  24.07,
  99.02,
  7.6,
  6.29,
  23.27,
  71,
  59.13,
  14.9,
  21.86,
  26.98,
  43.04,
  2.65,
  32.55,
  22.22,
  19.34,
  20.66,
  0.76,
  71.04,
  27.36,
  26.4,
  10.75,
  45.08,
  8.74,
  37.58,
  79.04,
  49.32,
  8.47,
  15.81,
  11.73,
  24.14,
  58.97,
  14.59,
  51.22,
  7.25,
  11.18,
  52.53,
  3.55,
  20.73,
  18.13,
  20.93,
  7,
  46.66,
  105.33,
  2.89,
  31.27,
  10.57,
  69.1,
  23.22,
  19.71,
  21.91,
  31.27,
  12.06,
  4.63,
  38.59,
  96.25,
  9.46,
  18.85,
  25.05,
  16.77,
  28.95,
  16.46,
  22.05,
  39.34,
  12.19,
  1.01,
  71.13,
  65.66,
  21.78,
  7,
  32.61,
  15,
  6.53,
  1.34,
  31.61,
  12.18,
  6.22,
  0.02,
  40.23,
  6.2,
  32.93,
  15.44,
  5.38,
  63.71,
  2.03,
  18.66,
  32.38,
  26.85,
  0.79,
  31.87,
  42.93,
  59.48,
  49.86,
  69.59,
  18.41,
  13.57,
  1.51,
  13.78,
  22.51,
  87.48,
  20.51,
  3.89,
  16.55,
  44.97,
  23.77,
  5.77,
  23.84,
  47.7,
  23.15,
  73.85,
  28.54,
  4.72,
  0.11,
  33.79,
  37.34,
  67.99,
  56.52,
  31.97,
  13.86,
  33.11,
  7.63,
  44.49,
  39.25,
  8.75,
  30.96,
  0.93,
  13.69,
  15.37,
  11.12,
  22.86,
  23.37,
  20.93,
  25.57,
  33.5,
  9.01,
  9.84,
  10.37,
  2.03,
  66.46,
  51.17,
  47.93,
  4.53,
  0.24,
  0.19,
  35.85,
  11.07,
  24.86,
  13.47,
  36.24,
  27.18,
  46.37,
  63.63,
  23.05,
  4.81,
  30.64,
  0.04,
  12.32,
  33.47,
  6.56,
  16.59,
  23.24,
  24.31,
  17.87,
  39.76,
  15.02,
  19.72,
  50.06,
  43.68,
  19.98,
  89.62,
  3.81,
  19.09,
  46.93,
  17.75,
  36.59,
  55.27,
  16.99,
  11.23,
  0.19,
  34.69,
  41.95,
  1.08,
  2.97,
  16.34,
  15.03,
  1.57,
  45.45,
  39.17,
  16.83,
  12.16,
  23.21,
  32,
  16.44,
  18.46,
  2.85,
  3.8,
  41.2,
  11.77,
  21.88,
  100.34,
  3.57,
  5.02,
  35.84,
  35.43,
  41.71,
  36.45,
  49.11,
  24.67,
  33.75,
  0.04,
  23.15,
  51.57,
  17.68,
  2.36,
  20.84,
  33.78,
  1.33,
  58.02,
  24.2,
  1.57,
  7.68,
  7.07,
  50.8,
  62.93,
  20.88,
  38.47,
  5.12,
  77.34,
  35.93,
  29.66,
  55.09,
  2.05,
  8.5,
  31.4,
  40.88,
  30.59,
  56.52,
  3,
  2.37,
  36.5,
  47.89,
  43.05,
  97.15,
  3.36,
  48.76,
  23.59,
  28.35,
  68.03,
  10.18,
  20,
  6.62,
  26,
  35.31,
  15.48,
  38.61,
  22.29,
  4.96,
  3.09,
  17.69,
  10.62,
  131.94,
  5.82,
  17.48,
  2.08,
  44.49,
  47.62,
  5.62,
  26.62,
  19.85,
  2.67,
  9.65,
  60.7,
  106.19,
  33.79,
  23.3,
  75.07,
  39.48,
  46.69,
  77.33,
  65.09,
  16.54,
  12.3,
  53.28,
  32.42,
  28.88,
  75.66,
  20.06,
  42.65,
  4.08,
  19.31,
  22.39,
  46.07,
  1.72,
  0,
  18.81,
  85.7,
  4.65,
  17.67,
  18.74,
  37.24,
  68.13,
  13.44,
  56.13,
  17.71,
  3.48,
  0.59,
  17.21,
  60.37,
  25.78,
  29.66,
  6.65,
  34.28,
  35.42,
  39.84,
  22.36,
  21.44,
  17.92,
  8.7,
  4.15,
  5.34,
  1.43,
  0.71,
  26.59,
  18.7,
  11.24,
  34.42,
  72.98,
  7.46,
  2.67,
  8.73,
  21.57,
  72.56,
  1.69,
  37.35,
  5.11,
  28.38,
  10.4,
  2.17,
  42.1,
  39.57,
  20.5,
  0.25,
  34.86,
  78.09,
  7.6,
  53.5,
  41.71,
  38.06,
  4.49,
  3.53,
  1.93,
  7.14,
  18.85,
  24.58,
  9.13,
  91.22,
  1.26,
  40.58,
  18.15,
  57,
  8.12,
  32.97,
  43.19,
  15.55,
  0.93,
  33.43,
  26.71,
  43.67,
  5.17,
  33.76,
  0.44,
  34.63,
  51.73,
  15.89,
  24.7,
  18.8,
  6.76,
  55.38,
  12.86,
  59.09,
  26.33,
  23.05,
  12.3,
  40.89,
  19.29,
  22.05,
  18.14,
  1.62,
  15.91,
  0.21,
  87.39,
  19.56,
  28.53,
  0,
  4.16,
  0.61,
  29.44,
  27.54,
  27.42,
  20.72,
  15.91,
  0.18,
  46.49,
  97.02,
  21.95,
  19.55,
  15.03,
  76.18,
  62.78,
  6.51,
  32.62,
  57.84,
  2.51,
  45.88,
  33.05,
  34.35,
  24.15,
  0,
  22.51,
  36,
  13.96,
  0.78,
  4.15,
  21.24,
  7.14,
  14.35,
  77.39,
  115.13,
  0.87,
  12.4,
  22.67,
  16.32,
  31.56,
  37.92,
  66.98,
  8.55,
  11.37,
  21.06,
  39.73,
  46.6,
  48.06,
  9.43,
  20.43,
  35.29,
  35.54,
  12.99,
  5.03,
  0.62,
  9.64,
  28.57,
  41.9,
  78.25,
  0.14,
  0,
  39.83,
  18.16,
  32.03,
  1.62,
  0.28,
  12.68,
  9.32,
  13.53,
  28.31,
  24.91,
  0.03,
  8.07,
  0.26,
  5.69,
  70.57,
  15.5,
  10.32,
  15.07,
  63.81,
  28.67,
  45.43,
  52.93,
  2.26,
  74.42,
  39.95,
  20.42,
  10.59,
  35.51,
  113.79,
  16.15,
  26.39,
  0.34,
  15.21,
  29.06,
  85.32,
  13.05,
  16.74,
  1.46,
  11.19,
  36.62,
  0.07,
  5.7,
  10.42,
  1.91,
  17.68,
  91.88,
  3.16,
  26.55,
  35.42,
  40.58,
  29.3,
  17.68,
  19.2,
  28.76,
  5.03,
  8.82,
  6.03,
  19.25,
  49.65,
  58.94,
  19,
  19.32,
  11.17,
  6.09,
  55.62,
  11.29,
  15.44,
  2.22,
  34.36,
  71.29,
  12.69,
  5.48,
  25.18,
  19.97,
  13.09,
  62.06,
  34.03,
  0.2,
  9.87,
  12.49,
  4.77,
  6.19,
  27.03,
  43.92,
  15.85,
  15.26,
  22.16,
  20,
  25.13,
  19.79,
  0.77,
  3.82,
  29.86,
  101.99,
  43.99,
  29.26,
  40.03,
  1.97,
  11.63,
  2.09,
  54.98,
  49.17,
  20.59,
  3.37,
  32.34,
  45.93,
  14.14,
  1.17,
  19.83,
  28.87,
  21.15,
  26.71,
  53.53,
  62.82,
  62.01,
  19.44,
  18.78,
  22.23,
  15.31,
  17.48,
  87.26,
  52.11,
  14.72,
  37.52,
  3.19,
  8.91,
  23.43,
  5.53,
  41.82,
  40.15,
  20.87,
  13.59,
  34.67,
  88.89,
  20.31,
  1.87,
  11.58,
  17.15,
  32.47,
  21.44,
  40.16,
  75.6,
  68.25,
  0.52,
  15.52,
  37.88,
  11.49,
  16.5,
  24.45,
  27.66,
  10.08,
  26.64,
  79.43,
  49.51,
  10.34,
  7.51,
  4.76,
  18.75,
  75.35,
  59.76,
  19.3,
  4.24,
  23.59,
  14.37,
  65.33,
  52.48,
  22.21,
  31.07,
  18.8,
  1.36,
  19.24,
  8.35,
  49.61,
  11.99,
  1.58,
  10.46,
  54.28,
  62.89,
  21.24,
  12.56,
  41.23,
  30.27,
  5.46,
  32.4,
  10.06,
  13.43,
  28.34,
  3.88,
  29.65,
  96.32,
  8.33,
  45.38,
  14.05,
  49.05,
  1.54,
  0.01,
  0.61,
  10.9,
  10.49,
  50.71,
  9.5,
  50.56,
  29.94,
  102.58,
  45.2,
  31.89,
  60.23,
  24.49,
  105.59,
  24.11,
  9.39,
  43.36,
  9.81,
  29.76,
  1.8,
  3.52,
  21.68,
  5.44,
  65.08,
  2.68,
  12.36,
  7.19,
  0.28,
  0.39,
  54.29,
  10.61,
  9.34,
  50.14,
  32.73,
  14.56,
  15.41,
  25.47,
  49.59,
  37.4,
  23.57,
  10.83,
  96.75,
  21,
  24.68,
  13,
  36.48,
  31.89,
  2.98,
  45.65,
  25.55,
  27.44,
  14.33,
  0.74,
  41.85,
  7.31,
  32.14,
  10.01,
  0.68,
  1.72,
  17.54,
  2.2,
  12.9,
  2.47,
  33,
  11.91,
  26.76,
  27.66,
  5.18,
  16.88,
  5.76,
  25.48,
  93.14,
  41.16,
  95.99,
  21.15,
  27.15,
  0,
  14.7,
  19.77,
  14.21,
  23.9,
  107.54,
  64.68,
  83.64,
  22.36,
  74.37,
  3.49,
  28.58,
  1.37,
  5.62,
  29.9,
  0.41,
  6.11,
  29.12,
  28.14,
  119.44,
  100.28,
  79.69,
  13.6,
  21.06,
  2.61,
  45.06,
  45.44,
  25.72,
  16.83,
  2.44,
  9.46,
  7.84,
  11.4,
  63.86,
  16.32,
  65.93,
  6.91,
  30.18,
  85.03,
  28.26,
  51.47,
  31.77,
  4.98,
  58.16,
  33.33,
  67.73,
  13.13,
  26.36,
  12.77,
  21.05,
  101.43,
  63.73,
  7.62,
  78.76,
  38.44,
  29.17,
  34.43,
  76.42,
  29.38,
  7.12,
  6.29,
  72.14,
  77.78,
  64.27,
  28.46,
  51.15,
  39.15,
  9.47,
  17.44,
  19.42,
  17.92,
  2.77,
  27.52,
  127.45,
  86.87,
  6.95,
  32.75,
  16.81,
  57.6,
  31.61,
  15.68,
  61.94,
  25.28,
  14.09,
  9.77,
  46.55,
  10.16,
  12,
  28.14,
  70.55,
  12.91,
  4.06,
  27.63,
  33.54,
  18.67,
  10.96,
  7.24,
  32.97,
  46.15,
  39.18,
  39.99,
  31.75,
  9.31,
  24.3,
  35.59,
  28.26,
  6.29,
  33.23,
  7.15,
  46.39,
  84.93,
  2.1,
  52.39,
  51.68,
  9.86,
  23.53,
  18.76,
  3,
  82.09,
  11.01,
  24.25,
  10.26,
  49.19,
  2.93,
  8.67,
  11.24,
  31.61,
  31.39,
  15.59,
  17.29,
  0.13,
  20.72,
  0.66,
  42.65,
  47.26,
  2.62,
  10.24,
  0.7,
  0.04,
  15.26,
  27.9,
  8.27,
  22.43,
  14.52,
  19.47,
  29.94,
  36.82,
  29.17,
  13.15,
  13.24,
  13.37,
  25.95,
  8.49,
  68.48,
  1.24,
  7.4,
  5.81,
  39.35,
  32.94,
  35.36,
  12.93,
  19.29,
  37.72,
  21.46,
  42.67,
  100.11,
  3.13,
  63.01,
  7,
  40.59,
  90.73,
  28.31,
  37.12,
  1.04,
  38.14,
  160.29,
  76.42,
  39.14,
  2.85,
  14.22,
  15.53,
  0.32,
  57.5,
  0.38,
  44.94,
  20,
  12.9,
  9.62,
  39.99,
  16.52,
  35.06,
  17.32,
  3.28,
  8.39,
  28.71,
  10.49,
  22.76,
  26.06,
  32.35,
  83.38,
  27.78,
  88.69,
  45.07,
  67.88,
  20,
  43.79,
  29.82,
  28.48,
  0.04,
  35.54,
  25.31,
  28.11,
  67.21,
  19.55,
  6.72,
  12.85,
  7.02,
  45.63,
  9.74,
  17.17,
  33.67,
  42.86,
  30.22,
  86.29,
  20.83,
  0.17,
  25.71,
  11.74,
  28.91,
  29.06,
  103.5,
  113.4,
  28.6,
  17.47,
  16.87,
  27.49,
  58.09,
  56.1,
  28.97,
  15.82,
  13.76,
  54.05,
  18.25,
  86.23,
  40.3,
  47.21,
  3.7,
  11.4,
  17.04,
  2.38,
  39.1,
  12.32,
  23.13,
  106.66,
  55.36,
  23.13,
  0.59,
  0.93,
  3.72,
  20.28,
  39.12,
  48.18,
  6.4,
  3.83,
  12.41,
  20.73,
  64.07,
  6.68,
  89.32,
  7.65,
  11.56,
  46.75,
  38.61,
  40.43,
  22.56,
  12.06,
  12.5,
  40.91,
  45.35,
  9.41,
  4.93,
  18.41,
  34.8,
  3.22,
  2.35,
  8.42,
  4.23,
  2.17,
  0.2,
  17.19,
  9.56,
  51.8,
  34.08,
  41.82,
  25.57,
  5.78,
  71.58,
  23.65,
  18.69,
  15.97,
  0.1,
  49.38,
  49.62,
  12.9,
  15.13,
  35.89,
  27.64,
  16.91,
  48.17,
  0.9,
  19.89,
  4.34,
  9.22,
  29.77,
  89.05,
  33.21,
  100.82,
  56.82,
  12.98,
  77.21,
  79.23,
  31.85,
  53.49,
  15.87,
  45.63,
  14.23,
  47.76,
  6.11,
  50.49,
  0.99,
  6.55,
  5.73,
  5.45,
  60.18,
  16.95,
  1.56,
  6.45,
  54.67,
  31.28,
  15.96,
  60.58,
  3.99,
  16.88,
  4.91,
  13.41,
  17.51,
  20.74,
  4.06,
  0.24,
  62.37,
  44.89,
  40.33,
  1.12,
  26.69,
  55.21,
  53.03,
  41.54,
  4.12,
  0.24,
  9.55,
  0.79,
  17.63,
  65.83,
  2.81,
  11.57,
  35.46,
  42.76,
  12.72,
  16.86,
  0.81,
  4.4,
  28.38,
  10.18,
  14.91,
  8.45,
  15.14,
  10.35,
  7.6,
  36.71,
  72.5,
  41.05,
  25.18,
  2.18,
  1.51,
  2.75,
  21.73,
  31.18,
  2.48,
  79.75,
  17.78,
  86.53,
  0.41,
  39.84,
  22.3,
  11.31,
  18.15,
  0.82,
  43.24,
  26.7,
  28.17,
  26.44,
  17.44,
  17.73,
  19.04,
  21.08,
  15.62,
  11.19,
  0.16,
  0,
  43.12,
  68.11,
  21.71,
  9.62,
  1.37,
  37.7,
  32.91,
  2.19,
  25.32,
  4.71,
  8.29,
  0.48,
  83.36,
  50.84,
  47.36,
  17.25,
  42.77,
  14.61,
  4.98,
  7.84,
  16.19,
  7.54,
  6.63,
  0,
  45.09,
  70.45,
  59.44,
  0.07,
  3.66,
  40.75,
  29.72,
  31.23,
  45.81,
  7.63,
  68.72,
  30.87,
  77.44,
  91.87,
  37.95,
  57.21,
  12.29,
  13.42,
  28.75,
  10.74,