  1.551586,
  1.059438,
  0.3635684,
  -1.352501,
  0.9091464,
  -0.512005,
  -1.015055,
  -0.3921926,
  -0.7234787,
  -0.108549,
  1.463609,
  -0.14318,
  -0.5272052,
  -0.3747037,
  -0.5881804,
  -0.3552652,
  1.013336,
  -0.7346295,
  2.255756,
  2.191684,
  -0.2443577,
  -0.5813209,
  -0.2345736,
  -0.8933465,
  1.296841,
  1.247377,
  0.5728142,
  -0.5589866,
  0.4930026,
  -0.4017272,
  -0.9069686,
  -0.9296777,
  0.8731214,
  0.9949977,
  -0.01312873,
  -0.04637398,
  0.8918772,
  -0.600693,
  -0.6575776,
  0.2840242,
  1.477885,
  0.7295768,
  -0.6353155,
  -0.5878322,
  -1.945288,
  -0.8847863,
  -1.002278,
  -0.1994406,
  -0.8893493,
  -0.3402268,
  -0.02426586,
  -0.03507561,
  -0.693255,
  0.6505675,
  -0.2913479,
  0.4452876,
  -0.784169,
  0.009996171,
  -0.4976117,
  -0.5149063,
  -1.535365,
  -1.990064,
  -1.037188,
  2.50473,
  -0.5983453,
  -0.3634313,
  -1.950884,
  -1.767393,
  0.7026438,
  0.2357121,
  0.3277013,
  -2.197443,
  0.329005,
  1.789491,
  -0.7757821,
  -1.102952,
  -0.2981237,
  0.3581699,
  -0.6446691,
  0.4331146,
  -2.492547,
  -0.08196125,
  -1.989865,
  -1.615874,
  -0.09221607,
  -0.5626671,
  0.3087538,
  -0.1607259,
  0.1016122,
  -1.317895,
  0.1647399,
  -0.05018756,
  -0.6473697,
  -1.307698,
  1.670823,
  0.1643251,
  -0.2343912,
  -0.01537178,
  -0.1187252,
  1.186195,
  0.3389225,
  1.265887,
  0.1401513,
  -0.3671151,
  0.258071,
  0.05164411,
  -2.09328,
  -2.188421,
  -1.796341,
  0.1397336,
  0.06599808,
  -1.012631,
  0.729838,
  -0.3146285,
  0.2404759,
  0.3646747,
  0.0002909617,
  -0.1897534,
  -2.09328,
  -1.130662,
  0.6973499,
  1.58312,
  0.7082787,
  0.8362907,
  1.219151,
  -1.82521,
  -0.8042857,
  -0.3703336,
  0.7223401,
  -0.1821325,
  1.718683,
  -0.2142199,
  1.031527,
  0.06951058,
  1.471162,
  0.1928209,
  -0.2302125,
  -0.6092399,
  0.9370508,
  1.148931,
  0.2193425,
  -1.421715,
  1.149036,
  1.345426,
  1.177987,
  0.007085857,
  0.048568,
  1.077503,
  1.659838,
  -0.1175273,
  -1.804639,
  0.6565738,
  -0.4214662,
  0.9644704,
  -1.398229,
  -0.6675183,
  0.4510214,
  1.305599,
  -0.2113122,
  0.1012759,
  0.6568661,
  -0.4047523,
  0.1079431,
  0.1702035,
  0.7107828,
  0.78518,
  -0.2139322,
  1.49312,
  0.6570781,
  0.9026892,
  -0.007429489,
  -0.01458278,
  -0.9427819,
  -0.491323,
  1.166782,
  2.043514,
  0.7099127,
  -1.452297,
  1.065387,
  1.275824,
  0.9208232,
  -0.7738836,
  0.005344811,
  -0.8242834,
  -1.733987,
  0.7249269,
  0.7515382,
  -0.1073651,
  1.335047,
  0.3993124,
  0.4714077,
  0.118927,
  1.474355,
  0.6049327,
  0.6811713,
  -1.147172,
  -1.216015,
  1.215891,
  0.6145545,
  -1.310845,
  1.827169,
  -0.8473398,
  -1.248164,
  -0.1271238,
  -1.831302,
  -0.5379943,
  1.592353,
  1.121849,
  -0.9767468,
  0.2935005,
  0.902769,
  0.3418391,
  -0.9359915,
  2.069343,
  -0.7636311,
  -0.8956044,
  -0.1804829,
  0.875286,
  -0.4683703,
  -0.6508684,
  -2.887847,
  0.07027146,
  0.374915,
  -0.3852859,
  0.6912391,
  -0.7109644,
  1.118849,
  0.01864552,
  1.561505,
  0.3768463,
  -0.6057406,
  0.5541413,
  0.4840738,
  1.858301,
  1.413979,
  -0.6671348,
  0.2864985,
  -0.06543954,
  -1.31333,
  0.2283787,
  0.7746114,
  0.8480565,
  -0.7633558,
  1.240982,
  1.101876,
  0.08958552,
  0.7175664,
  -1.556226,
  0.1413013,
  -1.744055,
  0.6789041,
  0.5981662,
  1.995411,
  -0.2277088,
  0.5386204,
  -0.09083849,
  0.35095,
  -1.942125,
  1.790027,
  0.7311702,
  0.4306115,
  1.566501,
  -1.819246,
  0.4400041,
  0.903366,
  -0.02308844,
  -1.148806,
  1.68568,
  1.312948,
  -1.55381,
  1.55143,
  -0.3978981,
  1.224674,
  -1.79731,
  -0.9840283,
  -1.841515,
  -1.034424,
  0.07378131,
  1.691861,
  -0.5786226,
  -0.6428843,
  0.985508,
  1.180635,
  0.4240182,
  -0.1078219,
  0.2352906,
  0.4364817,
  0.8627797,
  -1.599659,
  0.3996724,
  -0.05497688,
  0.2705435,
  0.4543244,
  -1.103325,
  1.181621,
  -0.7227057,
  0.3864626,
  -0.3459887,
  0.9900602,
  -0.6103843,
  0.4650327,
  1.583714,
  0.7620003,
  -0.4914434,
  0.171057,
  0.3697442,
  -0.3948133,
  0.4194578,
  -0.1243819,
  1.152873,
  -0.6115945,
  -0.4261973,
  0.8613074,
  -1.448497,
  -0.1166037,
  0.203601,
  0.4687333,
  -0.0070287,
  0.4978435,
  1.502227,
  -1.161082,
  0.5869113,
  -0.3536616,
  1.477381,
  -0.03101192,
  -0.1250116,
  -0.06755279,
  0.8174067,
  -0.09130547,
  -0.2673017,
  0.2204182,
  1.318785,
  -0.4447378,
  0.1022621,
  0.3644787,
  -0.09408145,
  0.1864259,
  -0.294371,
  -0.06185794,
  1.113327,
  -0.08132897,
  -0.9982089,
  1.18384,
  0.6036429,
  0.2099916,
  -0.6375424,
  0.6290789,
  -0.1893164,
  -1.046764,
  -2.001574,
  0.2794797,
  -0.1791739,
  -0.6515256,
  -1.82521,
  0.2796852,
  -2.337614,
  0.6037892,
  -0.06649867,
  -0.7959529,
  1.364051,
  -1.744645,
  -0.1774157,
  0.3037574,
  0.6340042,
  -1.917443,
  1.324639,
  0.3738905,
  0.4339657,
  1.059997,
  1.561426,
  0.08460827,
  -0.2722821,
  -1.897657,
  -0.4529641,
  -0.04332369,
  2.370008,
  0.4462659,
  -0.3677562,
  -0.8304652,
  -0.0158347,
  0.2888089,
  -0.75618,
  0.317471,
  0.987249,
  -0.03388366,
  1.478748,
  0.1785523,
  -0.9335639,
  -2.768919,
  1.392383,
  0.1741214,
  0.6649058,
  1.211981,
  0.610166,
  -0.1490831,
  0.565117,
  -0.9395051,
  0.7743385,
  0.5050881,
  -0.4647729,
  0.9352916,
  -1.029595,
  -1.032367,
  -1.4242,
  -0.329658,
  0.2768291,
  0.2987908,
  0.1047913,
  0.06211273,
  0.4324992,
  -0.7695483,
  -0.3664595,
  -0.2284972,
  -0.7015427,
  1.06625,
  0.1865372,
  1.013585,
  -0.8944151,
  -1.906484,
  -2.532011,
  0.4128731,
  -0.6378101,
  0.04744796,
  -0.08667818,
  1.142178,
  1.147902,
  0.4884441,
  0.549103,
  0.260823,
  -0.8611881,
  0.564326,
  -3.061456,
  -0.5818978,
  0.431472,
  -0.9831539,
  0.1139308,
  0.5872921,
  1.030265,
  -0.7457116,
  -0.2010749,
  -0.1014773,
  0.1420533,
  1.116395,
  0.8803683,
  -0.1708801,
  1.785275,
  -1.314379,
  0.2569464,
  1.509217,
  0.7238916,
  0.1458511,
  0.3116621,
  -0.002121786,
  -0.3139742,
  -1.939434,
  0.616037,
  0.5901161,
  -2.111521,
  -1.453875,
  0.09885313,
  0.1202734,
  -0.8175098,
  0.4583685,
  -0.2230942,
  -0.009876934,
  -0.2544923,
  0.2923753,
  0.5283856,
  -0.3434551,
  -0.1876317,
  -1.476313,
  -1.08167,
  1.319845,
  0.3724515,
  -0.5129271,
  1.402711,
  -1.047242,
  -0.8370997,
  0.7300148,
  0.6393661,
  0.583474,
  0.530689,
  0.7570091,
  0.5362502,
  1.047176,
  -1.760598,
  -0.4455531,
  0.1990277,
  0.03075572,
  -1.213697,
  0.1937454,
  0.5868993,
  -1.960946,
  1.126993,
  0.02257107,
  -1.616781,
  -0.4842649,
  -0.0003542959,
  0.6280572,
  0.5300334,
  0.1727466,
  0.8120707,
  -0.8250027,
  1.640579,
  0.4153213,
  0.2957424,
  0.8941031,
  -1.465539,
  -0.4002787,
  1.307679,
  0.3027352,
  -0.5730689,
  1.211981,
  -1.104937,
  -1.224549,
  0.6725443,
  0.7471829,
  0.7329347,
  1.663018,
  -1.16244,
  1.566663,
  0.9994103,
  -0.1939894,
  0.6659455,
  -0.3931477,
  0.1546157,
  -0.6695284,
  0.3137097,
  0.396253,
  -0.3500643,
  0.4873669,
  0.4228317,
  -0.820998,
  -0.4930244,
  -0.7569991,
  -1.820282,
  2.459457,
  -0.7510417,
  0.04031707,
  -1.490922,
  0.6589403,
  0.8614448,
  -1.081554,
  0.6239409,
  0.4103394,
  -0.5683462,
  -1.37864,
  0.4683438,
  2.098386,
  0.6691456,
  0.2959875,
  1.596727,
  0.5205286,
  0.8359579,
  1.333861,
  1.85865,
  0.2170865,
  0.4077656,
  0.7027769,
  -0.4931619,
  0.472781,
  1.681677,
  0.1596754,
  0.8519794,
  -1.348336,
  -0.1447377,
  -0.04813282,
  1.331882,
  -1.502855,
  -1.942125,
  -0.6880493,
  1.091272,
  -0.8973243,
  0.0463287,
  0.09996755,
  0.6951221,
  1.203448,
  -0.4746244,
  0.9169565,
  0.1796683,
  -1.067732,
  -1.189889,
  -0.7875061,
  0.4590896,
  0.3640479,
  0.5321309,
  -0.666684,
  0.6029716,
  0.399652,
  0.6372986,
  -0.04933788,
  0.3803955,
  0.3005245,
  0.143831,
  -2.102283,
  -2.47056,
  -1.507538,
  -1.615392,
  0.4222092,
  0.001978245,
  -0.6538655,
  0.4637101,
  1.254805,
  -0.5933218,
  -1.239203,
  0.1463071,
  -0.5297891,
  0.7812148,
  -1.429356,
  0.778916,
  -0.8261403,
  0.4024291,
  -0.7134389,
  -1.740605,
  0.5817813,
  1.121168,
  0.4457273,
  -1.437642,
  0.07915118,
  0.9157797,
  -0.5929086,
  1.208024,
  0.8995113,
  0.7198035,
  -1.289459,
  -1.452018,
  -1.67995,
  -0.6276936,
  0.35437,
  1.041688,
  -1.430686,
  1.212408,
  -1.565263,
  0.8729131,
  0.07237807,
  1.21432,
  -0.8954747,
  0.4142622,
  0.6102142,
  0.05016274,
  -1.835235,
  1.379862,
  -0.2695694,
  -0.06059927,
  -0.8346323,
  0.6681899,
  -1.793251,
  0.6141314,
  0.842107,
  -0.3264672,
  0.04145863,
  0.2410241,
  -0.5866197,
  2.032371,
  -1.096663,
  0.4228789,
  0.3839496,
  0.2845873,
  -0.2413353,
  0.8024344,
  -0.2027062,
  -0.01491923,
  -0.231644,
  -1.599412,
  0.1774453,
  -1.479792,
  1.5588,
  -1.144572,
  0.4609045,
  -1.92683,
  -0.9421764,
  -2.070097,
  0.2036258,
  0.2151483,
  0.1399215,
  0.3435703,
  0.1774453,
  -1.514882,
  0.4923382,
  1.334756,
  0.2169095,
  0.1343693,
  -0.08449735,
  1.618269,
  1.092309,
  -1.043899,
  0.3112457,
  1.670666,
  -1.277754,
  1.773355,
  0.006985381,
  -0.4122327,
  0.3033505,
  -1.92683,
  0.2639617,
  0.6571203,
  -0.4809446,
  -2.270397,
  -1.264837,
  0.3702494,
  -0.5431846,
  0.5356768,
  1.334019,
  1.689362,
  -1.727347,
  -0.2396457,
  0.2705069,
  -0.1175914,
  0.2759159,
  0.5776799,
  1.140771,
  -0.483759,
  -0.1455662,
  0.8860509,
  0.2617872,
  0.03905911,
  1.016748,
  -0.4393444,
  0.1759438,
  0.634977,
  0.4033523,
  -0.5039077,
  -1.150017,
  -2.089823,
  -0.2926951,
  1.202116,
  0.3384252,
  0.9195802,
  -2.412831,
  -1.92683,
  0.846976,
  -0.02416573,
  0.2915012,
  -1.901501,
  -2.520473,
  -0.1425383,
  -0.3219319,
  0.4860419,
  -0.1957961,
  -0.844754,
  -2.89112,
  -0.5453134,
  -1.893915,
  -0.9046957,
  1.252317,
  -0.348903,
  -0.6729007,
  0.01975945,
  1.995787,
  1.205953,
  0.4577102,
  0.2410262,
  -1.287495,
  1.657598,
  0.8503757,
  0.08195777,
  -0.6996618,
  0.4999866,
  1.908875,
  0.08729,
  0.7371617,
  -1.356756,
  -0.9216284,
  -0.642489,
  1.76553,
  -0.2003894,
  0.003944023,
  -1.670538,
  -0.6573181,
  0.5361859,
  -3.010719,
  -0.7981523,
  -0.2242191,
  -0.7297968,
  -0.7576286,
  1.226575,
  -1.11358,
  0.420645,
  0.7172287,
  0.7935666,
  0.1987311,
  -0.2282374,
  -0.1832363,
  0.7154869,
  -0.8107899,
  0.1537014,
  -1.799015,
  -1.163675,
  1.055003,
  1.334004,
  0.1119432,
  0.0313617,
  -0.6587023,
  -1.091207,
  0.9057837,
  -0.2471104,
  0.147182,
  -0.6591749,
  0.05946808,
  0.7493812,
  -0.2317927,
  -0.7865854,
  0.3694401,
  0.061488,
  -0.5333556,
  1.221967,
  0.3545161,
  -2.581757,
  -0.2721059,
  0.4201817,
  -1.992126,
  -2.339074,
  0.4088831,
  0.96528,
  -0.04126871,
  -0.1748442,
  -0.07516761,
  -0.1108855,
  0.05749599,
  0.2947266,
  -1.930159,
  -0.3779405,
  -0.1270481,
  1.435956,
  0.915018,
  0.5182267,
  0.8526384,
  -1.519263,
  -0.6273153,
  -1.761768,
  0.8916698,
  1.425855,
  0.4505686,
  -0.446799,
  -0.02204129,
  0.01665136,
  -0.1488731,
  -1.476232,
  0.1494627,
  0.4200765,
  -0.118645,
  0.1824694,
  0.8592997,
  1.801222,
  1.947942,
  0.8088819,
  -0.6898574,
  -0.9884621,
  -0.08629229,
  0.03709641,
  1.878351,
  1.098108,
  -0.4370611,
  0.5650129,
  -1.414564,
  -0.4498085,
  0.5966941,
  -0.159392,
  0.3356467,
  -0.1866438,
  0.1723268,
  -0.1687716,
  0.6941531,
  1.852404,
  -0.1559332,
  -1.823573,
  -0.5881804,
  0.1471595,
  0.9966059,
  0.9036046,
  0.2771884,
  0.8559775,
  1.454555,
  -1.683771,
  -0.05847625,
  0.7144153,
  -0.63677,
  -0.2921485,
  0.03204755,
  0.6690047,
  -0.2536033,
  1.126378,
  1.381294,
  0.134006,
  -0.3820477,
  -0.5924758,
  -0.866982,
  0.004372159,
  1.345076,
  1.168392,
  -0.1787685,
  -1.007784,
  0.604573,
  0.5368641,
  1.037011,
  0.2272088,
  0.2274203,
  0.580206,
  0.1027408,
  -1.705195,
  -0.2050437,
  -0.8603453,
  0.7688705,
  -0.1933744,
  -1.551077,
  0.2804193,
  0.7322671,
  0.5289395,
  0.1877722,
  -0.2298556,
  0.8862429,
  0.4694316,
  -1.165293,
  0.3944318,
  -0.6913249,
  -0.08945025,
  0.8242031,
  -0.3692031,
  -0.1362146,
  1.320241,
  -0.53186,
  1.004273,
  -0.1383457,
  1.02185,
  -1.887727,
  -3.09,
  -2.209034,
  -0.2780823,
  -0.2182543,
  1.908616,
  -1.393433,
  0.1673654,
  0.5081804,
  2.155136,
  0.9932047,
  0.5247003,
  1.037225,
  0.09158942,
  1.790653,
  0.5102332,
  -0.3154758,
  1.69942,
  -1.363049,
  -0.6104175,
  -1.399227,
  -1.026906,
  0.2295088,
  -0.9337484,
  1.140792,
  -1.618821,
  -0.5390838,
  -0.6222496,
  -2.393616,
  -1.317895,
  0.7325602,
  -1.821246,
  -0.4536136,
  1.126217,
  0.6329409,
  -0.2142199,
  -0.3986124,
  0.1323598,
  0.7683975,
  1.046002,
  0.60359,
  0.3071504,
  1.755059,
  -1.058598,
  0.3233789,
  -0.2033615,
  0.7493154,
  0.5247003,
  -1.533447,
  0.8070672,
  0.07298224,
  0.6595651,
  0.07316855,
  -1.112749,
  0.336689,
  -2.185948,
  0.5791008,
  -0.3972997,
  -1.683877,
  -1.588807,
  -0.2872147,
  -1.732832,
  -0.506407,
  -1.354946,
  1.017696,
  0.3818797,
  -0.2672179,
  -0.7082995,
  -0.8334751,
  0.007504075,
  -0.7552147,
  0.2936129,
  1.661416,
  0.6772095,
  1.644956,
  0.3656631,
  0.7715632,
  -1.942125,
  -0.9578505,
  -1.131756,
  -0.1450272,
  0.3187967,
  2.211445,
  1.384871,
  1.497641,
  -0.0009586483,
  1.280378,
  -1.137768,
  0.8346464,
  -0.8757236,
  -1.858084,
  -0.604067,
  -2.029673,
  -0.7218089,
  0.5125034,
  0.3937118,
  2.067538,
  1.974201,
  1.375599,
  -0.07770877,
  0.4756272,
  -0.5797871,
  0.4454987,
  0.0001275958,
  0.3618597,
  0.005007243,
  -1.211142,
  -0.5524839,
  -0.9203813,
  -0.6136546,
  1.078922,
  0.0976402,
  2.051111,
  -0.01567855,
  -0.1131659,
  1.076234,
  0.4516767,
  1.158993,
  0.6017856,
  -0.9899855,
  0.991413,
  0.4266705,
  1.155366,
  -0.1104283,
  0.7357908,
  0.4382556,
  -0.558462,
  1.424711,
  1.36439,
  -0.5830286,
  1.725018,
  0.7311244,
  0.1941722,
  0.4640464,
  1.317557,
  0.7411801,
  -0.5454281,
  -0.07750446,
  1.208622,
  0.9084021,
  1.375365,
  0.4900478,
  1.142987,
  0.7520845,
  -0.7836995,
  -0.2409858,
  -0.1734287,
  0.1916816,
  -1.216015,
  1.161318,
  2.326859,
  1.117355,
  -0.6510634,
  0.6356986,
  0.007429888,
  1.228142,
  0.2775812,
  -0.3384986,
  1.039908,
  0.5641537,
  0.0566623,
  0.2288437,
  0.4942827,
  -1.865331,
  -0.2736601,
  0.4786337,
  1.56715,
  -0.3126958,
  -1.351326,
  0.2186521,
  0.3396164,
  0.2338334,
  -0.1789177,
  0.01566909,
  0.003736252,
  0.02403266,
  0.7867165,
  0.8561053,
  0.6011301,
  -0.5642721,
  0.01254655,
  0.5026202,
  0.1689914,
  -0.7248442,
  1.026781,
  0.007218105,
  0.4890935,
  1.073982,
  -1.324074,
  1.181359,
  1.155789,
  -0.5217052,
  -0.0183666,
  -0.1723366,
  -1.448379,
  2.254787,
  -0.1748037,
  1.027716,
  -1.320195,
  0.1237473,
  -1.153829,
  -0.4971788,
  -0.3087462,
  0.5152819,
  0.2702406,
  -0.3436901,
  -0.2719387,
  -2.751053,
  0.457537,
  -1.152354,
  0.3643053,
  0.06092703,
  -1.212253,
  -0.3810841,
  -1.675699,
  -3.061456,
  -0.4068639,
  0.2291182,
  -0.828878,
  0.4297182,
  0.0861045,
  0.8103472,
  -0.1235679,
  -0.313156,
  0.4825498,
  -0.1944683,
  -0.1848432,
  -0.284377,
  0.07662018,
  -0.8476713,
  1.169861,
  -1.744286,
  -0.5144264,
  -0.1283573,
  0.2480854,
  -0.4710334,
  0.6773872,
  -0.2075354,
  0.1251734,
  0.709612,
  -0.1051478,
  0.7218598,
  1.708521,
  -1.207964,
  1.974624,
  -0.0070287,
  0.2924814,
  1.201847,
  0.4533899,
  0.7720299,
  -1.552421,
  0.7221928,
  2.603505,
  1.531275,
  0.5020558,
  -1.267036,
  0.0656265,
  0.6039706,
  -3.09,
  0.3771763,
  -2.058474,
  0.9926053,
  0.1570187,
  -0.3133194,
  -0.7720308,
  0.6418768,
  -0.3096819,
  0.9617822,
  0.2647928,
  -0.4613477,
  -1.508739,
  -0.6587287,
  -0.3717547,
  0.272729,
  0.402593,
  0.5400564,
  1.493002,
  0.224475,
  1.528106,
  1.300732,
  2.101066,
  0.8360028,
  0.403077,
  -0.6076933,
  0.4592,
  -1.904361,
  0.7208918,
  0.2869835,
  0.1564814,
  1.337571,
  -0.1676704,
  -0.6745651,
  -0.03180126,
  -0.005117022,
  0.464284,
  -1.907837,
  0.006541679,
  0.66532,
  0.9309125,
  0.4676951,
  1.544427,
  -0.07123542,
  -2.705225,
  0.5835597,
  -0.11619,
  1.215129,
  -0.1622123,
  1.466084,
  2.204231,
  0.4950155,
  0.03983241,
  -0.08891775,
  0.1339927,
  1.128673,
  0.916301,
  0.7242292,
  0.171697,
  0.5001571,
  0.7255157,
  -1.226859,
  1.781002,
  0.8649558,
  1.045113,
  -1.170985,
  -0.6428926,
  -0.2625121,
  -1.572299,
  1.105113,
  -0.071427,
  0.9793881,
  1.950434,
  0.3143394,
  0.2639612,
  -1.657646,
  -1.589439,
  -1.167806,
  -0.1572848,
  0.6151656,
  0.7347381,
  -0.7117462,
  -1.003081,
  0.4149691,
  -0.5763564,
  0.5610197,
  -0.6764227,
  1.932578,
  -0.5766199,
  -0.4002323,
  0.7180614,
  0.5993271,
  0.5372705,
  0.4360874,
  -0.09130547,
  0.4208318,
  0.3037932,
  -0.002919953,
  -0.448426,
  -0.8473398,
  0.08460827,
  0.6195253,
  -1.488903,
  -1.69521,
  -0.8165386,
  -1.009397,
  -1.366552,
  -1.491117,
  -0.7887903,
  -1.926482,
  1.105521,
  0.678355,
  0.9025384,
  0.2971106,
  -1.1281,
  1.431405,
  0.001486743,
  0.2349418,
  0.1812655,
  -1.63077,
  0.5842016,
  0.1375225,
  -0.2193765,
  -0.08303496,
  0.7315305,
  0.3753914,
  -0.3191062,
  0.8763676,
  -2.040803,
  0.3000507,
  -0.9164845,
  0.1859683,
  -0.1309711,
  1.165361,
  0.6124464,
  2.126614,
  1.275927,
  -0.3083402,
  1.380178,
  1.587475,
  0.2870886,
  1.550888,
  0.1748932,
  1.766129,
  -0.9920475,
  0.07736075,
  -0.7326058,
  1.134894,
  -1.568953,
  -0.8116227,
  -1.133805,
  -1.168327,
  1.003466,
  0.1353769,
  -1.558244,
  -0.061157,
  0.7436728,
  -0.5425569,
  -0.05298477,
  1.370573,
  -0.9648477,
  -0.08840266,
  -1.233362,
  -0.4765544,
  -0.2613763,
  0.3446046,
  -0.963009,
  -1.447748,
  0.9588516,
  -0.01856333,
  0.8182728,
  -1.48993,
  0.4258818,
  1.172534,
  0.8732126,
  0.6885447,
  -1.269077,
  -2.507426,
  -0.3008471,
  -1.089515,
  -0.7607799,
  0.6081601,
  -1.175832,
  -0.2918541,
  0.7184506,
  0.855032,
  -0.5564138,
  -0.2723159,
  -2.087316,
  -0.9823664,
  0.8259476,
  0.2597708,
  -0.942827,
  -2.047811,
  -0.09516878,
  -0.3734159,
  -0.5809206,
  0.6789814,
  1.290228,
  0.6739156,
  0.05934876,
  -1.429525,
  -1.57649,
  -0.5533753,
  -0.521065,
  -0.5469496,
  -1.240465,
  1.759457,
  0.05477177,
  1.810539,
  -2.49278,
  0.6372986,
  -0.05175157,
  -0.2455427,
  0.3140106,
  -1.076073,
  0.3844551,
  -0.7547966,
  0.4485877,
  0.4165514,
  0.03837743,
  -0.04537853,
  -0.2144364,
  -0.05951039,
  -0.3554312,
  -0.2549784,
  -2.623475,
  -1.942125,
  0.3803714,
  0.6680238,
  0.2071323,
  -0.4253828,
  -1.45362,
  0.7090105,
  0.3202783,
  -1.735414,
  0.06452319,
  -0.9350504,
  -0.4212107,
  -1.255741,
  1.47026,
  0.1761843,
  0.9996518,
  0.02583238,
  0.9284743,
  -0.2113633,
  -1.224379,
  -0.9079002,
  -0.326244,
  -0.5848979,
  -0.6018881,
  -1.942125,
  0.4464912,
  0.7281232,
  1.275083,
  -1.887843,
  -1.01085,
  0.798435,
  0.2133685,
  0.3529938,
  0.6766956,
  -0.5754986,
  2.122322,
  1.288367,
  1.335187,
  1.226361,
  0.7522972,
  1.294746,
  -0.2419521,
  -0.2813411,
  0.1793495,
  -0.3705634,
  -0.6806531,
