  -2.82,
  -1.22,
  2.55,
  8.45,
  12.75,
  16.61,
  20.35,
  20.71,
  15.84,
  9.68,
  1.62,
  -3.59,
  0.94,
  0.41,
  3.18,
  6.04,
  11.63,
  20.29,
  20.99,
  19.76,
  15.65,
  10.4,
  1.62,
  1.13,
  -1.52,
  -1.84,
  -0.39,
  7.45,
  15.15,
  17.36,
  20.48,
  20.93,
  16.63,
  9.24,
  3.86,
  -3.21,
  -4.87,
  -0.04,
  0.57,
  10.63,
  11.72,
  19.56,
  22.86,
  21.95,
  16.81,
  9.14,
  3.18,
  -3.75,
  -2.1,
  1.18,
  4.32,
  9.42,
  11.83,
  19.67,
  23.28,
  18.84,
  19.51,
  9.14,
  5.87,
  0.03,
  2.7,
  2.2,
  6.82,
  5.54,
  14.5,
  20.79,
  23.27,
  19.26,
  13.89,
  9.96,
  4.96,
  -0.26,
  -1.43,
  0.43,
  2.92,
  6.87,
  14.47,
  17.92,
  23.42,
  21.19,
  15.8,
  11.26,
  5.17,
  0.01,
  -0.19,
  1.34,
  0.64,
  9.08,
  13.38,
  20.06,
  20.65,
  20.16,
  16.99,
  12.3,
  3.06,
  -1.04,
  -0.58,
  -5.39,
  2.89,
  7.64,
  12.7,
  18.41,
  19.84,
  20.53,
  15.01,
  10.05,
  4.95,
  -1.04,
  -2.59,
  1.51,
  3.19,
  7.02,
  12.79,
  17.56,
  19.42,
  19.44,
  15.11,
  8.77,
  3.93,
  -1.09,
  -1.54,
  -1.63,
  3.91,
  6.6,
  10.28,
  16.36,
  19.89,
  19.52,
  14.51,
  7.8,
  2.22,
  -3.74,
  -2.83,
  2.3,
  2.28,
  6.65,
  11.76,
  16.76,
  20.6,
  18,
  14.24,
  9.03,
  2.37,
  1.69,
  -0.44,
  3.75,
  3.67,
  9.75,
  10.41,
  14.36,
  19.74,
  18.65,
  15.22,
  10.56,
  3.73,
  1.17,
  -0.13,
  0.21,
  3.63,
  7.32,
  9.33,
  15.83,
  20.69,
  19.12,
  14.93,
  6.66,
  3.43,
  -0.76,
  0.71,
  -0,
  1.93,
  6.59,
  11.04,
  18.46,
  20.89,
  19.57,
  14.35,
  10.27,
  3.39,
  -6.11,
  -2.86,
  -0.67,
  6.96,
  9.31,
  14.45,
  19.08,
  21.48,
  20.45,
  16.95,
  10.59,
  6.8,
  1.97,
  0.94,
  -1.99,
  4.78,
  6.12,
  11.42,
  17.28,
  20.2,
  19.53,
  16.2,
  8.58,
  1.97,
  -3.69,
  -1.04,
  0.85,
  2.28,
  4.57,
  10.79,
  17.5,
  18.21,
  18.46,
  12.71,
  7.32,
  2.82,
  -3.47,
  -5.76,
  -1.87,
  1.23,
  7.22,
  12.69,
  16.42,
  20.01,
  19.37,
  14.54,
  8.34,
  3.75,
  -2.67,
  -0.54,
  -1.07,
  5.23,
  7.98,
  13.28,
  16.38,
  18.27,
  20.59,
  16.94,
  10.14,
  5.57,
  -2.78,
  -2.99,
  -0.79,
  3.91,
  8.5,
  10.61,
  15.91,
  20.41,
  20.67,
  14.53,
  10.39,
  3.92,
  -0.17,
  -1.91,
  2.42,
  5.72,
  8.88,
  12.03,
  18.71,
  20.93,
  18.42,
  14,
  7.25,
  2.9,
  -1.91,
  -4.32,
  -0.6,
  0.09,
  5.24,
  8.36,
  17.46,
  22.08,
  19.55,
  15.73,
  11.34,
  5.51,
  3.26,
  -0.72,
  1.7,
  5.21,
  7.43,
  10.05,
  20.6,
  18.61,
  17.02,
  16.06,
  10.63,
  1.96,
  -1.25,
  -2.29,
  -1.48,
  2.06,
  8.76,
  13.69,
  18.28,
  20.58,
  20.01,
  15.2,
  5.07,
  3.6,
  -0.44,
  0.27,
  1.45,
  1.91,
  4.37,
  11.73,
  16.6,
  20.08,
  18.41,
  14.04,
  7.87,
  3.17,
  -1.3,
  -0.36,
  1.97,
  5.46,
  4.81,
  10.57,
  17.67,
  20.54,
  18.53,
  15.72,
  11.87,
  5.46,
  2.04,
  -3.62,
  -0.59,
  1.76,
  4.54,
  11.82,
  18.65,
  21.41,
  19.51,
  17.53,
  10.1,
  2.36,
  1.97,
  0.95,
  -1.58,
  1.76,
  6.5,
  13.03,
  15.4,
  21.12,
  18.61,
  14.3,
  8.07,
  3.9,
  -0.88,
  -3.2,
  2.69,
  0.7,
  6.77,
  13.61,
  18.74,
  20.32,
  19.7,
  15.58,
  8.53,
  3.53,
  -4.3,
  -5.26,
  1.87,
  4.19,
  8.02,
  14.19,
  16.17,
  21.57,
  18.08,
  14.1,
  8.26,
  3.23,
  0.79,
  -1.37,
  2.19,
  4.8,
  7.94,
  12.25,
  18.98,
  20.69,
  20.01,
  15.61,
  10.87,
  4.99,
  -1.72,
  0.29,
  1.77,
  2.94,
  7.67,
  12.52,
  17.45,
  21.36,
  18.19,
  14.95,
  10.5,
  5.33,
  -2.51,
  0.62,
  0.81,
  5.66,
  6.8,
  13.71,
  17.28,
  21.26,
  19.73,
  17.44,
  10.8,
  3.31,
  -1.98,
  -2.29,
  -3.19,
  2.31,
  5.42,
  12.62,
  17.35,
  21.42,
  20.11,
  15.33,
  10.71,
  1.85,
  1.78,
  -3.66,
  2.33,
  3.45,
  10.35,
  9.52,
  18.23,
  20.81,
  19.18,
  15.41,
  8.92,
  2.19,
  -2.57,
  -1.35,
  1.73,
  3.46,
  8.85,
  12.98,
  18.21,
  23.26,
  20.82,
  16.44,
  11.14,
  1.33,
  -4.2,
  -5.14,
  -0.17,
  3.08,
  7.79,
  11.86,
  17.36,
  21.24,
  20.62,
  17.24,
  9.44,
  5.29,
  -4.65,
  -4.78,
  -5.48,
  3.68,
  5.57,
  9.39,
  18.83,
  22.67,
  20.5,
  18.53,
  12.6,
  4.83,
  1.2,
  0.61,
  3.94,
  8.13,
  10.72,
  15.73,
  16.43,
  22.48,
  21.06,
  16.2,
  11.87,
  5.24,
  0.59,
  0.21,
  2.08,
  2.18,
  8.02,
  10.87,
  19.12,
  20.89,
  20.19,
  16.92,
  9.86,
  2.48,
  -0.35,
  -0.51,
  0.61,
  4.29,
  9.4,
  14.38,
  20.15,
  21.86,
  20.69,
  15.88,
  9.79,
  3.39,
  -0.02,
  -10,
  -1.62,
  3.31,
  7.1,
  14.48,
  17.82,
  21.53,
  20.94,
  17.92,
  11.48,
  5.57,
  1.95,
  0.58,
  -0.15,
  2.26,
  8.31,
  11.87,
  18.01,
  20.38,
  20.78,
  17.63,
  10.33,
  0.97,
  0.31,
  -0.64,
  -6.25,
  3.87,
  9.6,
  13.82,
  18.1,
  22.48,
  22.01,
  16.3,
  9.68,
  6.32,
  3.44,
  0.48,
  1.01,
  5.39,
  8.52,
  15.12,
  20.68,
  22.63,
  20.93,
  16.13,
  10.64,
  2.8,
  0.59,
  -0.08,
  2.88,
  3.58,
  4.68,
  12.6,
  16.16,
  20.82,
  18.31,
  14.38,
  7.81,
  4.6,
  0.58,
  -0.99,
  -2.51,
  2.28,
  7.81,
  11.53,
  17.96,
  22.03,
  19.98,
  16.17,
  10.57,
  5.23,
  2.38,
  0.65,
  2.25,
  4.44,
  9.47,
  12.89,
  16.22,
  21.31,
  19.94,
  17.39,
  11.02,
  4.55,
  0.51,
  -1.4,
  -0.61,
  1.73,
  5.14,
  12.48,
  15.3,
  20.39,
  20.35,
  17.59,
  11.29,
  3.28,
  0.46,
  0.79,
  1.83,
  1.46,
  6.19,
  12.78,
  16.17,
  21.71,
  20.47,
  17.14,
  11.13,
  3.72,
  -2.13,
  -1.05,
  0.08,
  4.13,
  10,
  12.26,
  18.67,
  21.41,
  20.49,
  17.07,
  7.72,
  2.64,
  2.31,
  -1.45,
  3.61,
  5.42,
  7.75,
  14.77,
  16.7,
  21.22,
  19.45,
  18.35,
  10.81,
  1.33,
  -1.67,
  0.35,
  -1.5,
  -0.41,
  8.06,
  12.94,
  17.11,
  20.99,
  19.69,
  17.54,
  10.82,
  1.81,
  -1.38,
  -6.75,
  -5.27,
  2.67,
  9.35,
  11.83,
  16.78,
  21.26,
  19.21,
  17.34,
  8.82,
  6.68,
  -1.87,
  -2.52,
  2.15,
  3.92,
  9.11,
  11.64,
  17.49,
  20.64,
  18.88,
  15.44,
  13.31,
  6.08,
  3.74,
  -0.87,
  0.86,
  2.79,
  8.25,
  12.62,
  16.89,
  22.11,
  19.29,
  17.06,
  9.62,
  2.61,
  -1.71,
  -1.89,
  -0.13,
  0.43,
  8.13,
  13.66,
  17.07,
  20.85,
  20.52,
  17.32,
  12.8,
  1.56,
  -0.61,
  2.3,
  0.23,
  4.31,
  7.15,
  9.82,
  18.09,
  22.28,
  19.35,
  17.18,
  10.18,
  5.16,
  -1.53,
  0.62,
  3.97,
  2.2,
  10.49,
  14.54,
  17.51,
  21.74,
  18.61,
  16.46,
  11.31,
  5.83,
  -0.47,
  -3.08,
  -2.71,
  2.94,
  6.22,
  11.88,
  16.94,
  20.62,
  21.05,
  16.97,
  12.2,
  4.39,
  2.38,
  2.43,
  -1.11,
  4,
  7.41,
  13.6,
  19.16,
  20.97,
  18.7,
  17.97,
  10.39,
  2.17,
  0.19,
  -0.43,
  3.75,
  4.63,
  6.89,
  10.29,
  18.65,
  20.89,
  19.54,
  16.3,
  9.7,
  1.38,
  1.47,
  0,
  2.81,
  1.07,
  6.5,
  14.42,
  18.65,
  20.79,
  22.07,
  16.91,
  11.42,
  3.46,
  2.36,
  -0.06,
  -0.23,
  3.6,
  9.29,
  12.01,
  19.94,
  23.09,
  20.04,
  15.75,
  10.52,
  3.82,
  1.22,
  -3.49,
  -0.91,
  5.07,
  8.08,
  12.95,
  19.83,
  22.4,
  21.08,
  18.49,
  9.86,
  4.29,
  -1.23,
  -0.24,
  1.85,
  3,
  7.51,
  12.54,
  20.51,
  22.82,
  20.39,
  14.4,
  9.49,
  2.4,
  -3.29,
  -1.82,
  0.97,
  0.95,
  10.22,
  11.58,
  16.98,
  20.43,
  20.11,
  17.32,
  11.26,
  6.1,
  1.42,
  -3.9,
  3.62,
  2.7,
  5.94,
  14.11,
  16.48,
  21.9,
  20.02,
  17.5,
  12.7,
  5.09,
  -0.46,
  -2.27,
  -1.99,
  0.61,
  6.24,
  11.47,
  17.09,
  22.02,
  19.88,
  15.25,
  13,
  2.1,
  0.41,
  1.45,
  0.56,
  1.7,
  6.34,
  10.57,
  14.92,
  20.47,
  19.73,
  13.63,
  11.68,
  5.96,
  0.5,
  -1.41,
  -2.94,
  4.69,
  8.42,
  14.48,
  18.3,
  21.19,
  21.19,
  17.23,
  10.47,
  5.73,
  0.02,
  -1.84,
  1.73,
  4.82,
  4.61,
  11.98,
  16.12,
  22.05,
  20.7,
  16.22,
  11.33,
  5.98,
  -4.21,
  -2.97,
  3.59,
  4.51,
  6.16,
  12.57,
  18.43,
  20.8,
  17.76,
  16.2,
  10.69,
  4,
  -2.49,
  1.91,
  -0.68,
  1.79,
  7.95,
  14.07,
  17.1,
  21.34,
  21.95,
  17.36,
  8.29,
  3.72,
  1.7,
  0.11,
  2.99,
  2.47,
  4.29,
  13.2,
  18.49,
  21.81,
  21.49,
  14.79,
  8.44,
  4.7,
  0.19,
  -0.85,
  0.4,
  3.16,
  7.2,
  10.44,
  17.87,
  22.21,
  20.41,
  15.34,
  7.92,
  3.17,
  -2.4,
  -0.11,
  1.99,
  7.33,
  8.35,
  13.12,
  18.52,
  22.35,
  19.9,
  15.51,
  8.79,
  2.26,
  -2.05,
  -4.82,
  -0.17,
  1.33,
  6.15,
  13.29,
  18.09,
  21.09,
  20.17,
  15.17,
  10.28,
  3.74,
  1.29,
  -2.43,
  -0.76,
  5.7,
  6.56,
  14.71,
  20.16,
  21.11,
  19.58,
  16.5,
  11.04,
  3.85,
  -0.86,
  -1.45,
  -0.27,
  1.75,
  3.37,
  10.43,
  16.62,
  20.87,
  18.77,
  16.37,
  9.69,
  3.14,
  0.95,
  -0.04,
  2.65,
  2.45,
  6.46,
  13.56,
  17.34,
  21.15,
  19.32,
  15.63,
  9.65,
  5.11,
  0.1,
  -1.16,
  2.47,
  1.66,
  8.92,
  10.37,
  19.38,
  21.36,
  20.54,
  16.9,
  11.7,
  5.15,
  2.91,
  0.97,
  1.26,
  5.64,
  7.17,
  11.56,
  18.33,
  21.14,
  19.69,
  15.48,
  12.48,
  3.78,
  -3.31,
  -4.23,
  -2.63,
  2.76,
  7.14,
  12.41,
  17.69,
  21.11,
  18.78,
  18.07,
  12.32,
  2.23,
  1.58,
  1.15,
  2.46,
  1.81,
  7.47,
  10.37,
  17.12,
  21.35,
  19.61,
  16.53,
  10.31,
  4.77,
  4.23,
  2.7,
  2.31,
  3.42,
  10.01,
  12.43,
  20.25,
  22.19,
  20.24,
  16.63,
  8.59,
  5.48,
  1.89,
  -1.22,
  0.21,
  3.21,
  6.71,
  12.3,
  17.09,
  20.54,
  19.59,
  15.95,
  7.96,
  2.76,
  -0.59,
  0.46,
  1.75,
  3.44,
  4.4,
  11.09,
  17.49,
  20.8,
  19.72,
  17.36,
  10.83,
  4.13,
  1.22,
  0.05,
  0.4,
  3.17,
  5.9,
  15.39,
  17.6,
  21.22,
  20.05,
  17.34,
  7.38,
  3.75,
  -0.27,
  -0.98,
  -0.69,
  3.3,
  9.57,
  13.18,
  19.57,
  22.27,
  20.58,
  13.9,
  10.27,
  2.1,
  1.04,
  3.51,
  3.2,
  6.4,
  8.17,
  13.49,
  19.33,
  20.17,
  20.95,
  13.37,
  8.43,
  4.22,
  0.7,
  -1.54,
  0.62,
  2.18,
  9.36,
  12.54,
  19.37,
  19.76,
  19.32,
  16.35,
  12.01,
  3.7,
  -1.36,
  -1.07,
  2.22,
  3.3,
  7.64,
  12.34,
  19.42,
  22.74,
  20.31,
  15.73,
  13.52,
  4.31,
  -1.19,
  -4.03,
  -0.63,
  6.77,
  11.24,
  13.53,
  18.47,
  22.66,
  19.3,
  16.36,
  9.85,
  5.03,
  0.84,
  -0.16,
  0.02,
  5.06,
  9.42,
  12.76,
  20.01,
  21.97,
  19.63,
  17.44,
  10.86,
  3.76,
  -3.93,
  -1.7,
  2.92,
  1.43,
  6.06,
  10.9,
  17.07,
  21.89,
  20.85,
  16.94,
  11.85,
  3.54,
  -0.29,
  -2.42,
  2.27,
  4.71,
  10.94,
  13.98,
  17.68,
  20.28,
  20.31,
  16.77,
  12.26,
  2.29,
  -2.74,
  -0.12,
  0.65,
  5.27,
  8.35,
  13.37,
  17.08,
  20.44,
  19.72,
  16.08,
  9.87,
  2.31,
  -0.32,
  1.1,
  -0.74,
  5.94,
  8.23,
  13.29,
  20.96,
  22.93,
  22.34,
  17.36,
  9.27,
  0.27,
  -0.02,
  -0.51,
  5.44,
  4.16,
  6.3,
  9.6,
  15.04,
  20.79,
  21.69,
  17.34,
  11.27,
  7.37,
  1.78,
  0.55,
  3.18,
  4.84,
  8.3,
  14.77,
  20.42,
  23.08,
  21.74,
  15.39,
  8.85,
  4.17,
  0.86,
  -0.22,
  0.31,
  6.68,
  6.24,
  14.79,
  18.05,
  20.63,
  20.05,
  16.72,
  9.62,
  4.59,
  -1.04,
  1.09,
  -0.87,
  3.65,
  5.2,
  10.97,
  15.73,
  22.14,
  21.45,
  16.01,
  8.8,
  4.13,
  0.63,
  2.4,
  2.81,
  6.23,
  4.89,
  11.89,
  18.03,
  20.51,
  19.32,
  15.84,
  12.37,
  7.5,
  0.01,
  1.9,
  3,
  3.98,
  10.77,
  16.02,
  20.19,
  22.58,
  21.13,
  17.57,
  9.82,
  0.79,
  2.21,
  -0.9,
  1.14,
  5.26,
  7.78,
  15.54,
  19.79,
  21.17,
  20.9,
  18.51,
  12.91,
  4.93,
  -1.35,
  -0.66,
  1.08,
  3.51,
  10.68,
  13.97,
  20.7,
  23.84,
  21.86,
  16.02,
  9.32,
  4.41,
  -0.55,
  4.36,
  0.82,
  4.63,
  6.72,
  14.06,
  19.14,
  24.08,
  21.32,
  17.91,
  13.89,
  2.72,
  0.84,
  -0.71,
  -1.02,
  8.45,
  7.82,
  14.02,
  19.05,
  22.02,
  19.88,
  15.5,
  8.87,
  2.5,
  0.95,
  2.06,
  1.66,
  3.58,
  7.22,
  13.23,
  16.58,
  23.64,
  19.34,
  16.34,
  10.73,
  5.86,
  1.19,
  0.82,
  2.45,
  2.53,
  8.85,
  15.4,
  20.94,
  22.67,
  20.32,
  14.64,
  9.34,
  5.31,
  0.3,
  -1.8,
  2.57,
  6.63,
  8.98,
  14.16,
  20.28,
  23.54,
  21.83,
  16.9,
  10.27,
  7.25,
  -1.77,
  -2.53,
  0.96,
  4.77,
  7.63,
  11,
  18.98,
  22.68,
  21.6,
  17.19,
  11.34,
  6.38,
  -0.89,
  1.72,
  1.77,
  4.66,
  7.08,
  15.64,
  16.09,
  22.82,
  20.84,
  17.54,
  8.65,
  5.86,
  -2.06,
  -0.26,
  0.3,
  3.28,
  6.62,
  10.23,
  19.07,
  22.7,
  20.09,
  18.6,
  10.38,
  2.58,
  2.37,
  -0.12,
  -0.65,
  4.72,
  6.66,
  10.84,
  18.21,
  21.76,
  22.4,
  17.48,
  10.95,
  3.81,
  -0.29,
  2.22,
  0.81,
  5.63,
  9.41,
  14.93,
  21.15,
  21.45,
  21.24,
  17.33,
  12.01,
  6.54,
  -0.52,
  -2.45,
  -0.6,
  6.39,
  8.5,
  13.32,
  21.44,
  22.27,
  20.18,
  16.07,
  8.47,
  4.52,
  -1.15,
  2.7,
  3.73,
  4.98,
  8.21,
  13.28,
  19.87,
  22.54,
  18.85,
  17.73,
  12.92,
  5.55,
  0.46,
  1.86,
  5.27,
  7.26,
  7.93,
  10.81,
  20.33,
  20.21,
  20.67,
  18.59,
  12.02,
  2.33,
  -1.46,
  -0.67,
  3.68,
  5.96,